200
0 0 0 0 0 1
0 0 0 1 0 0
0 0 0.3 0 0 0.7
0 0 0.9 0 0 0.1
0 0 0.8 0 0 0.2
0 0 0.885 0 0 0.115
0.07 0.03 0.2 0.7 0 0
0 0 0.657 0 0 0.343
0.1 0.1 0.2 0.33 0.27 0
0.001578 0.348219 0.101411 0.280361 0.010748 0.257683
0.023129 0.348976 0.135351 0.242519 0.114718 0.135307
0.095350 0.002046 0.170750 0.004537 0.476648 0.250669
0.202681 0.259644 0.008059 0.177121 0.022816 0.329679
0.181418 0.447726 0.098764 0.046660 0.051973 0.173459
0.063594 0.048368 0.133014 0.401385 0.160957 0.192682
0.130075 0.064371 0.582367 0.067881 0.104416 0.050890
0.140048 0.072992 0.032150 0.415191 0.135155 0.204464
0.181296 0.228886 0.174167 0.031692 0.041663 0.342296
0.125823 0.367500 0.192234 0.185521 0.000697 0.128225
0.213557 0.067948 0.245786 0.018589 0.151133 0.302987
0.032383 0.052301 0.098600 0.058579 0.331201 0.426936
0.073456 0.026754 0.201683 0.488190 0.191347 0.018570
0.140805 0.316066 0.105931 0.010309 0.042381 0.384508
0.088568 0.025510 0.265834 0.243646 0.361308 0.015134
0.034884 0.156362 0.365043 0.222679 0.123217 0.097815
0.181572 0.012479 0.035509 0.339130 0.107327 0.323983
0.362271 0.003832 0.009569 0.233859 0.063562 0.326907
0.072675 0.302349 0.314913 0.109596 0.003530 0.196937
0.320626 0.171642 0.061100 0.082838 0.225131 0.138663
0.033592 0.062161 0.139139 0.262008 0.079449 0.423651
0.046663 0.304400 0.111521 0.197913 0.019689 0.319814
0.295348 0.120194 0.130665 0.134406 0.157695 0.161692
0.002909 0.179698 0.102078 0.582943 0.033409 0.098963
0.009377 0.394606 0.147061 0.184755 0.031211 0.232990
0.468425 0.030028 0.085007 0.223189 0.163580 0.029771
0.000349 0.168119 0.114113 0.087367 0.173687 0.456365
0.166181 0.201658 0.376911 0.140399 0.104113 0.010738
0.009864 0.479454 0.068010 0.290857 0.039903 0.111912
0.251843 0.064422 0.235228 0.134051 0.279551 0.034905
0.137109 0.147537 0.109884 0.285653 0.118754 0.201063
0.324915 0.130272 0.138747 0.209987 0.125101 0.070978
0.423533 0.058300 0.083057 0.057854 0.090775 0.286481
0.216464 0.176884 0.274489 0.070427 0.219411 0.042325
0.091070 0.203745 0.105973 0.032477 0.264039 0.302696
0.338419 0.064040 0.005720 0.238526 0.157622 0.195673
0.256432 0.051653 0.172828 0.011726 0.013922 0.493439
0.053777 0.041836 0.345585 0.054450 0.394549 0.109803
0.121741 0.204541 0.276833 0.015980 0.009487 0.371418
0.023684 0.082324 0.108458 0.066020 0.688248 0.031266
0.000018 0.182260 0.008092 0.034295 0.340143 0.435192
0.511399 0.123614 0.087129 0.096169 0.161975 0.019714
0.341344 0.171689 0.067460 0.144251 0.217399 0.057857
0.533246 0.011746 0.053515 0.239414 0.127980 0.034099
0.145081 0.428442 0.169840 0.000844 0.067668 0.188125
0.092309 0.054634 0.175408 0.209038 0.218617 0.249994
0.012008 0.053839 0.091444 0.172871 0.054526 0.615312
0.148916 0.080765 0.066436 0.274853 0.236392 0.192638
0.028571 0.041945 0.283353 0.070027 0.572981 0.003123
0.095069 0.023442 0.135281 0.378692 0.182577 0.184939
0.502720 0.004094 0.073719 0.198989 0.001635 0.218843
0.191894 0.369358 0.029431 0.222294 0.145209 0.041814
0.249570 0.052670 0.162482 0.158908 0.085635 0.290735
0.259929 0.107766 0.053254 0.321301 0.214511 0.043239
0.423542 0.025065 0.054404 0.229877 0.142705 0.124407
0.371500 0.093103 0.157628 0.144528 0.188710 0.044531
0.000343 0.052411 0.023413 0.564413 0.184793 0.174627
0.380089 0.152478 0.105264 0.183013 0.006899 0.172257
0.449755 0.146027 0.058214 0.026425 0.086986 0.232593
0.012846 0.275860 0.043553 0.322057 0.021642 0.324042
0.085370 0.151019 0.036301 0.041204 0.208168 0.477938
0.080415 0.108923 0.451533 0.245021 0.042754 0.071354
0.008963 0.020742 0.225212 0.299462 0.023129 0.422492
0.076594 0.095016 0.228867 0.148926 0.356112 0.094485
0.207579 0.292947 0.103202 0.250304 0.092920 0.053048
0.183142 0.031800 0.236671 0.042002 0.210930 0.295455
0.203315 0.303063 0.182911 0.021742 0.119745 0.169224
0.000750 0.116732 0.146220 0.322184 0.037553 0.376561
0.013326 0.261587 0.109653 0.211713 0.184933 0.218788
0.303698 0.344783 0.022502 0.191014 0.029223 0.108780
0.114825 0.124624 0.131337 0.233503 0.324236 0.071475
0.015156 0.110051 0.006944 0.194958 0.521221 0.151670
0.028312 0.110914 0.671708 0.049221 0.130029 0.009816
0.189843 0.127459 0.441886 0.118445 0.021504 0.100863
0.215932 0.097538 0.085714 0.327796 0.015741 0.257279
0.001872 0.328878 0.186102 0.134972 0.108810 0.239366
0.021417 0.167250 0.068739 0.270420 0.141455 0.330719
0.187503 0.057024 0.027284 0.429904 0.069383 0.228902
0.093910 0.322734 0.151484 0.217643 0.001480 0.212749
0.035014 0.188810 0.082996 0.030621 0.104076 0.558483
0.087903 0.189461 0.153059 0.227912 0.031774 0.309891
0.005002 0.275748 0.227819 0.257216 0.026814 0.207401
0.142944 0.024736 0.541265 0.173526 0.000007 0.117522
0.127103 0.163560 0.153285 0.015868 0.018615 0.521569
0.139508 0.106597 0.461722 0.012222 0.110831 0.169120
0.275467 0.045216 0.409907 0.127662 0.126339 0.015409
0.304815 0.354236 0.251912 0.039308 0.001878 0.047851
0.036756 0.087171 0.031606 0.600786 0.058553 0.185128
0.007476 0.378265 0.058554 0.145282 0.373038 0.037385
0.424592 0.098150 0.177967 0.087439 0.012435 0.199417
0.021071 0.460674 0.040910 0.007261 0.069480 0.400604
0.058673 0.130354 0.130740 0.466085 0.065749 0.148399
0.109738 0.222922 0.114181 0.246551 0.287977 0.018631
0.008313 0.123191 0.149424 0.424032 0.144201 0.150839
0.233833 0.060235 0.086761 0.160171 0.078923 0.380077
0.013676 0.114545 0.324194 0.113775 0.023928 0.409882
0.262444 0.016373 0.037258 0.039791 0.444890 0.199244
0.130253 0.033462 0.063867 0.157260 0.445751 0.169407
0.111320 0.352132 0.192881 0.003901 0.185276 0.154490
0.159069 0.057199 0.087159 0.022293 0.142063 0.532217
0.101528 0.030116 0.152243 0.148365 0.245918 0.321830
0.090383 0.175867 0.095976 0.074266 0.095213 0.468295
0.265904 0.086871 0.054554 0.109683 0.009149 0.473839
0.011585 0.355603 0.264319 0.141659 0.160567 0.066267
0.045020 0.366016 0.072352 0.013497 0.489668 0.013447
0.181047 0.149890 0.346162 0.095637 0.090828 0.136436
0.110593 0.064636 0.160626 0.032364 0.191009 0.440772
0.023901 0.038645 0.051484 0.457543 0.296287 0.132140
0.212055 0.075552 0.497822 0.195405 0.009274 0.009892
0.009720 0.156864 0.273346 0.236099 0.089830 0.234141
0.011726 0.264838 0.053901 0.014920 0.322796 0.331819
0.185962 0.006265 0.077334 0.088065 0.565800 0.076574
0.103987 0.002089 0.127017 0.095495 0.504639 0.166773
0.468281 0.038189 0.128682 0.035951 0.216660 0.112237
0.222299 0.039957 0.195559 0.396903 0.084006 0.061276
0.020009 0.032494 0.019878 0.007521 0.093024 0.827074
0.120699 0.162262 0.145651 0.113161 0.117733 0.340494
0.028443 0.032629 0.143016 0.066228 0.484437 0.245247
0.242015 0.056144 0.446688 0.199336 0.025783 0.030034
0.025075 0.272270 0.208394 0.301644 0.134266 0.058351
0.302537 0.204464 0.061089 0.055019 0.068842 0.308049
0.207853 0.094504 0.115371 0.183218 0.279041 0.120013
0.355979 0.068686 0.188448 0.022842 0.147346 0.216699
0.152305 0.049692 0.026169 0.264668 0.456092 0.051074
0.290744 0.068384 0.294677 0.241858 0.039541 0.064796
0.043923 0.080587 0.341673 0.213708 0.011095 0.309014
0.003819 0.410712 0.246473 0.167062 0.076906 0.095028
0.110006 0.210284 0.148403 0.222683 0.291918 0.016706
0.290874 0.012345 0.268261 0.299450 0.083026 0.046044
0.033649 0.176217 0.169130 0.007368 0.214711 0.398925
0.074224 0.093111 0.175334 0.565546 0.050342 0.041443
0.082441 0.180793 0.281962 0.332451 0.110773 0.011580
0.029635 0.055231 0.321055 0.202586 0.206468 0.185025
0.177849 0.081005 0.173413 0.266614 0.242500 0.058619
0.329917 0.185871 0.308494 0.043049 0.088309 0.044360
0.395831 0.102683 0.055165 0.058060 0.189436 0.198825
0.143315 0.005757 0.148122 0.073826 0.438471 0.190509
0.035947 0.341332 0.070546 0.130847 0.309406 0.111922
0.305025 0.193101 0.060269 0.133560 0.089310 0.218735
0.365932 0.046790 0.028813 0.150195 0.053412 0.354858
0.171522 0.107430 0.127640 0.097127 0.485241 0.011040
0.093718 0.010895 0.223438 0.089831 0.412258 0.169860
0.515967 0.316427 0.004446 0.001820 0.125901 0.035439
0.132201 0.251726 0.316301 0.246320 0.031151 0.022301
0.077231 0.504882 0.273948 0.011478 0.124434 0.008027
0.109368 0.250019 0.117212 0.482168 0.030126 0.011107
0.179576 0.196747 0.245962 0.093924 0.073875 0.209916
0.156257 0.261766 0.182271 0.154618 0.208957 0.036131
0.347838 0.074289 0.123792 0.189320 0.104325 0.160436
0.391712 0.005841 0.435115 0.003738 0.047038 0.116556
0.092388 0.118154 0.396636 0.062465 0.163313 0.167044
0.003160 0.743488 0.054043 0.001751 0.072258 0.125300
0.531229 0.361514 0.039128 0.037694 0.026428 0.004007
0.429408 0.069179 0.100094 0.095321 0.137621 0.168377
0.541881 0.184356 0.093805 0.098185 0.049166 0.032607
0.123955 0.598327 0.094401 0.017901 0.054627 0.110789
0.027845 0.035779 0.150546 0.468568 0.061042 0.256220
0.055156 0.583510 0.170446 0.106113 0.059214 0.025561
0.022358 0.036550 0.131055 0.299642 0.189636 0.320759
0.088345 0.345311 0.006745 0.213511 0.192193 0.153895
0.279499 0.146649 0.082324 0.241167 0.157657 0.092704
0.016785 0.196555 0.411036 0.156756 0.064701 0.154167
0.163517 0.490034 0.075141 0.114016 0.075335 0.081957
0.110226 0.054019 0.044190 0.077824 0.563145 0.150596
0.030202 0.287258 0.279340 0.161433 0.078654 0.163113
0.089243 0.330372 0.139206 0.345356 0.045076 0.050747
0.059514 0.254072 0.370921 0.204448 0.071051 0.039994
0.244216 0.049228 0.146354 0.078765 0.127365 0.354072
0.001492 0.360218 0.015288 0.242071 0.122882 0.258049
0.056241 0.092881 0.286408 0.338725 0.122145 0.103600
0.237008 0.346922 0.022859 0.028613 0.083122 0.281476
0.125194 0.118877 0.003251 0.472190 0.084021 0.196467
0.173923 0.120277 0.277925 0.254517 0.077676 0.095682
0.113536 0.246703 0.308031 0.000686 0.286938 0.044106
0.030796 0.065478 0.038716 0.116138 0.415141 0.333731
0.282073 0.012495 0.242340 0.401565 0.060641 0.000886
0.050219 0.240838 0.163494 0.092394 0.053846 0.399209
0.112382 0.435549 0.032252 0.003746 0.244652 0.171419
0.025384 0.396485 0.235351 0.135391 0.172381 0.035008
0.128084 0.068902 0.025017 0.353174 0.086248 0.338575
0.014282 0.345602 0.034530 0.013920 0.459896 0.131770
0.126569 0.051679 0.108509 0.261342 0.002403 0.449498
0.082863 0.209784 0.179216 0.270402 0.060209 0.197526
0.044151 0.565421 0.049535 0.063678 0.135738 0.141477
0.459085 0.117403 0.094008 0.020947 0.088287 0.220270
0.036507 0.077039 0.114030 0.148205 0.388226 0.235993
0.518577 0.354547 0.005269 0.034857 0.006945 0.079805
0.029934 0.014154 0.434360 0.162788 0.247211 0.111553
0.263142 0.132426 0.009967 0.291363 0.133305 0.169797
0.013509 0.500397 0.071207 0.108493 0.086606 0.219788
0.489455 0.074270 0.080243 0.091208 0.168858 0.095966
